1000
126697 335
263201 423
163314 66
410417 50
318451 676
76263 407
233668 310
439078 16
91955 286
291299 628
267551 67
347625 190
78877 140
414038 750
201811 34
463196 847
13696 497
148928 687
11762 171
132574 258
150093 757
491876 735
74475 97
56690 722
239094 418
81153 984
408944 986
76121 182
478220 943
322841 314
10706 610
87411 488
423967 551
368973 207
329795 824
135873 898
445057 354
115805 951
494546 438
442788 803
389122 41
456492 84
404402 340
112734 725
212180 381
131993 286
498802 85
320783 553
247592 136
340166 566
75397 304
19832 528
491502 369
37556 126
255675 518
33339 619
261048 83
195908 607
28453 586
66168 795
303510 767
374646 800
211604 115
186512 457
130810 420
42925 333
32345 291
254853 126
206644 892
250280 396
314245 354
164119 283
43062 257
497993 609
86441 874
108648 825
387665 67
196657 226
22 4
353207 960
398165 699
53953 786
256926 65
264167 483
378644 771
68953 890
157456 593
12921 866
437822 74
157692 778
111135 62
234156 445
163685 835
131177 571
229370 993
85827 247
294202 430
210146 567
94484 594
243583 455
441133 788
277672 743
450749 835
46527 176
133519 70
422779 930
22533 549
196870 265
459667 446
356830 980
123391 153
245685 133
77927 20
395568 595
183259 103
83563 371
165855 617
142228 387
214090 913
246187 877
381930 582
313609 162
222333 784
281718 852
40185 396
164944 291
47398 140
130507 514
59422 173
250508 335
450484 863
221741 78
19210 984
172189 422
338329 602
435164 906
322125 784
254243 873
163303 445
111802 703
73465 118
217792 634
143245 74
183495 150
190335 937
322869 297
145150 850
114116 552
256591 332
457059 280
376202 142
111059 382
414938 550
121514 648
279905 750
312180 617
143826 282
306701 496
99958 148
313128 977
297160 425
220171 299
292793 873
407377 825
69805 850
297350 506
234971 189
15247 833
172272 176
306719 989
8557 98
5955 450
1445 738
44759 70
59392 305
495374 540
89723 459
424783 909
142405 491
8338 810
472420 804
184263 995
418190 928
276399 795
231248 524
428513 362
58250 986
268999 282
21585 390
272478 666
419628 969
302554 6
87159 793
367935 53
444931 160
161993 58
156244 689
127365 939
124066 374
37590 205
21880 604
136369 926
41688 636
64545 385
388886 612
361123 478
306104 621
481259 671
81244 835
15645 845
400242 800
484213 25
442206 993
23520 123
81623 119
411073 486
86890 575
257997 553
475224 906
79215 912
11380 902
376613 641
424262 91
202113 72
283755 751
24553 787
275634 267
187223 791
198400 276
25753 561
489069 51
89106 918
307173 557
266583 108
4329 659
132723 238
106475 283
239396 755
141365 917
486300 440
35587 775
344257 354
111108 258
419661 508
229340 379
272751 503
317189 714
425768 749
159914 534
166126 349
96171 232
444461 515
33084 483
208033 189
146437 874
488029 367
15812 962
164231 631
75654 684
184697 977
1426 93
241314 733
6014 173
322307 684
284183 395
478931 142
347102 7
412123 15
217606 55
170202 438
290391 379
437538 93
48910 417
208602 916
218 233
16314 397
495456 850
4530 441
366456 203
472931 434
464526 243
258180 823
322595 322
177119 995
117257 374
224593 742
53194 95
21805 786
395841 842
408666 424
102975 410
466801 625
177832 562
55616 645
240244 693
229769 167
98191 894
362339 86
69816 328
362552 726
383909 760
275237 597
11166 437
36606 47
282846 471
390247 427
374742 493
377500 219
287529 366
33194 416
163697 825
237844 419
195128 173
201071 453
396063 954
269766 824
458363 589
31575 780
386099 648
246899 987
454468 591
473890 573
291869 756
300701 157
65540 165
90354 714
351439 969
447588 255
410827 302
198376 83
155864 878
136521 738
185130 413
12357 714
28906 973
128654 902
317139 306
478122 727
377942 175
495795 694
25431 223
74776 323
307022 188
147546 258
447878 107
374671 312
365569 966
424034 314
54194 785
201553 247
95842 894
155886 745
177036 145
223423 280
92960 676
47903 990
293476 92
270618 492
372174 490
353684 724
445356 100
477667 717
88700 73
95536 58
233780 848
486842 451
19707 298
415316 795
198766 691
11970 992
284220 525
23711 782
481546 29
250970 468
390576 708
145492 541
253338 991
27780 937
374376 775
226899 297
115566 618
466913 399
198581 785
28382 124
319577 880
164241 847
346185 705
410037 797
248681 409
234455 387
494899 673
440633 118
445362 886
256370 12
77125 577
199404 56
109602 776
496676 986
466961 483
356398 908
73005 528
15182 654
318790 784
322752 899
92098 848
310577 506
270647 337
93188 286
96914 960
282094 990
229652 870
154522 606
431280 105
367461 180
353998 809
164323 379
494602 628
94329 988
436630 619
297793 640
461780 722
488905 655
477597 180
311763 445
215997 85
139767 912
120948 750
166173 683
425110 157
290659 693
436012 714
329821 74
85137 939
252976 425
239638 80
127318 701
178655 696
309758 388
41379 563
159496 83
427280 493
62701 184
316485 665
359413 959
372022 308
266655 606
127435 150
359677 168
314625 45
295253 773
122280 81
380033 705
368995 737
331888 489
320075 964
377763 897
111597 1
151248 256
412615 368
324578 826
50991 702
183128 934
311948 709
471682 69
282138 938
330631 377
206443 726
73505 444
79137 461
304671 900
268117 977
320642 70
4370 248
458529 824
474811 594
477669 957
50305 244
105997 573
244110 936
156204 730
183101 611
372294 44
111999 869
51031 182
484535 60
61387 943
182015 618
131207 714
470082 642
23263 582
275647 559
409021 31
99756 781
472065 363
401937 654
274555 86
325641 182
238770 638
251780 256
330177 656
147880 799
367829 865
241611 69
438129 133
293274 416
74858 748
347893 303
210922 432
304049 569
490769 617
330933 583
124464 785
179774 518
266956 624
454715 750
254241 256
244625 117
168028 570
79576 452
450016 440
403964 24
328322 961
320605 43
55597 72
425743 49
164447 933
123835 444
116361 307
279036 504
33555 456
326275 679
340790 416
321107 614
440736 243
56006 254
455412 938
21159 884
369544 437
242901 282
453445 160
20358 764
477130 217
486018 115
191496 348
351619 365
117287 296
310108 443
125760 528
470831 970
289858 962
287157 595
195694 851
283931 627
155354 697
96415 4
142226 783
92279 218
91026 893
10218 438
100429 565
480244 742
271145 367
237094 427
32384 790
338436 674
386849 217
243878 196
299533 603
476824 78
206106 76
286746 889
181460 917
4384 139
313879 271
401811 300
108118 781
376686 690
381144 774
210754 670
158165 828
33843 637
159325 727
464440 1000
410001 547
464319 284
494984 862
361062 570
194251 707
52003 16
291546 545
11710 774
26693 172
332721 906
491283 387
78383 916
475519 377
119738 579
229558 445
354155 79
381178 34
498191 245
316930 855
335716 846
498296 303
434175 695
89946 258
303529 738
461241 739
334718 92
147453 776
58157 670
438430 469
304347 4
316173 42
336640 793
163497 536
283048 241
128778 935
16051 637
282234 851
44533 562
322167 371
369943 394
498482 601
158036 890
217363 932
464605 99
437363 665
310293 345
266848 590
497398 623
336445 821
263306 216
274591 903
16723 103
72817 95
114884 161
328721 250
416389 502
194321 174
63635 51
230551 784
192189 227
184541 692
345736 265
91153 513
227277 103
350454 418
352630 867
436610 278
352132 749
382398 409
456972 514
448105 857
277365 668
410069 346
359643 344
5544 962
297263 870
295836 182
407893 92
313056 419
288069 187
125141 214
28203 833
118833 933
362343 790
139424 123
109901 655
279006 911
449253 366
218046 45
208717 703
379238 44
498002 348
307184 631
221339 435
200299 677
37854 531
12632 969
285577 106
118158 442
94522 322
356247 972
450951 655
209104 661
24727 899
479500 520
484519 234
170161 430
108935 590
252570 8
74234 780
116980 774
94905 261
367009 163
20048 335
438584 375
97791 89
301443 700
146395 778
62495 593
209227 867
184864 594
349707 760
391498 454
24524 43
151513 528
383794 41
298074 430
26357 379
220591 557
161633 742
20528 483
177494 428
147236 91
89864 817
452268 549
304479 38
68281 27
177945 33
476432 398
317475 803
427245 567
438180 297
267549 902
175890 492
280035 270
220283 793
158932 174
448285 258
227739 122
205806 138
153398 16
339637 549
103767 772
131887 110
372611 781
431435 327
1046 157
171023 869
100510 196
418001 368
110428 598
384254 839
359750 953
391798 19
215175 648
469805 711
410045 778
374604 399
410810 876
245071 814
464100 411
197285 230
279733 683
354067 835
46332 570
289008 312
307673 309
114314 577
450693 458
380864 175
119944 109
498950 800
124289 196
356645 364
254370 59
294872 73
280434 272
42256 264
200937 943
420944 749
389175 392
438001 859
482077 284
33184 822
290289 444
429883 407
437983 953
203288 299
73059 413
411198 748
352240 257
105770 351
189325 125
489931 405
429714 907
127047 282
476719 444
401300 961
20485 58
150815 574
255371 420
153512 218
179691 853
40035 474
47682 437
292825 616
162019 118
356838 585
478485 361
313 157
194640 607
196950 987
27588 744
86167 394
164275 391
429991 937
28178 379
49734 416
484524 432
144648 468
403070 404
254133 39
110556 763
339786 182
466442 612
146103 337
353412 657
402399 710
147639 595
270748 279
152870 171
89720 855
469190 10
184085 393
477538 770
7109 297
414199 219
49683 313
430041 15
315576 78
199149 222
321767 88
376429 443
127906 717
22727 133
87714 334
276766 927
236307 785
162343 480
427445 710
281837 500
197340 106
308814 593
13969 223
338268 818
43216 497
27901 1000
374600 690
412331 940
34461 431
33300 734
57033 449
373691 370
187063 430
886 709
54343 350
215118 820
205325 982
38178 494
110609 887
292836 941
267248 792
482234 697
231834 824
447934 532
391858 117
365215 519
344145 400
344894 492
306468 902
183410 458
370121 297
240612 468
133750 533
104627 634
448690 787
462417 967
70394 721
478981 537
449821 648
324519 660
86560 621
173511 167
292731 425
319046 717
313530 82
21275 590
407549 231
368655 188
247193 719
8546 918
8181 754
95556 256
115309 454
465788 680
472146 732
45253 707
277608 89
418572 974
469926 718
4755 630
445626 424
438481 153
53859 249
29712 818
373749 868
137613 713
74456 93
119100 984
33833 687
84897 527
113336 108
242424 881
445800 240
431726 965
235826 694
190566 526
356227 754
246389 955
276281 741
299653 760
277994 989
283158 563
402077 634
265241 975
230447 66
74899 885
284271 350
111840 798
381250 755
447950 859
141152 241
359677 581
40885 471
450949 277
203873 342
76176 677
497080 177
123804 76
100131 323
251771 702
271453 697
385395 562
315831 844
43966 787
15637 944
73162 199
271407 904
157114 859
153072 48
6980 341
385754 905
418801 25
344704 800
434528 325
390410 120
310883 460
159637 995
431264 614
377073 629
41969 935
89889 953
25924 244
33855 690
176828 481
155573 828
469615 549
336324 528
32518 412
132609 11
393952 973
41875 967
287471 721
203127 121
178458 138
40700 393
221721 570
343047 981
379388 175
448464 663
96612 30
316579 154
117383 357
170240 777
444081 991
92603 585
293406 740
358269 466
28449 134
289985 897
41857 941
201176 233
37270 132
483270 285
159472 842
197026 655
92304 394
